0.291412 0.322089 0.386499
0.289672 0.320787 0.389541
0.292324 0.320124 0.387553
0.292588 0.324524 0.382888
0.292126 0.322754 0.385120
0.293751 0.325345 0.380905
0.295398 0.325342 0.379260
0.296322 0.326198 0.377480
0.299573 0.326466 0.373961
0.295925 0.324062 0.380013
0.294405 0.322998 0.382596
0.292004 0.323082 0.384914
0.293938 0.323879 0.382183
0.289615 0.321985 0.388400
0.290479 0.318375 0.391146
0.292664 0.319793 0.387543
0.287496 0.316919 0.395586
0.285614 0.319872 0.394514
0.288949 0.319529 0.391521
0.290451 0.319001 0.390548
0.294620 0.320144 0.385236
0.296857 0.321740 0.381403
0.295662 0.323231 0.381106
0.296970 0.323228 0.379802
0.294656 0.323129 0.382215
0.300348 0.324034 0.375617
0.300374 0.324230 0.375396
0.300593 0.326097 0.373310
0.299405 0.325636 0.374959
0.299130 0.322767 0.378103
0.299854 0.322936 0.377210
0.302658 0.323455 0.373887
0.307725 0.327194 0.365080
0.312130 0.327454 0.360416
0.310971 0.327627 0.361401
0.317264 0.328290 0.354447
0.316586 0.329459 0.353955
0.317094 0.330946 0.351960
0.316005 0.331820 0.352175
0.313438 0.331409 0.355153
0.309543 0.331899 0.358558
0.309353 0.332411 0.358236
0.308575 0.332235 0.359189
0.307916 0.331775 0.360309
0.307707 0.332384 0.359908
0.307793 0.332661 0.359546
0.308610 0.332223 0.359167
0.308829 0.332224 0.358947
0.309028 0.331844 0.359128
0.308269 0.332090 0.359640
0.307470 0.332804 0.359727
0.306422 0.332699 0.360879
0.307439 0.332586 0.359974
0.307382 0.332563 0.360055
0.308410 0.332536 0.359054
0.308589 0.332202 0.359209
0.309892 0.331886 0.358221
0.309710 0.331746 0.358544
0.310485 0.331531 0.357984
0.309358 0.330705 0.359937
0.311291 0.330812 0.357897
0.310157 0.330502 0.359341
0.310699 0.330424 0.358877
0.312212 0.330065 0.357724
0.310718 0.330533 0.358749
0.309420 0.330484 0.360096
0.311286 0.330826 0.357888
0.312424 0.330815 0.356761
0.312135 0.330754 0.357111
0.311181 0.331177 0.357642
0.311074 0.331131 0.357795
0.310102 0.331600 0.358298
0.311257 0.331495 0.357247
0.311692 0.331820 0.356488
0.308024 0.332187 0.359789
0.309873 0.331662 0.358465
0.309931 0.331959 0.358110
0.308725 0.332201 0.359074
0.308238 0.332524 0.359238
0.307613 0.331912 0.360475
0.309676 0.331909 0.358415
0.309144 0.331954 0.358901
0.310040 0.331336 0.358624
0.309683 0.331609 0.358708
0.309200 0.331610 0.359190
0.309365 0.331914 0.358721
0.309830 0.331332 0.358838
0.309047 0.331923 0.359030
0.308151 0.331873 0.359976
0.307905 0.332352 0.359743
0.308354 0.332204 0.359442
0.306753 0.332309 0.360939
0.306373 0.332183 0.361444
0.306958 0.332506 0.360536
0.305917 0.331874 0.362208
0.308167 0.331616 0.360217
0.308806 0.331698 0.359495
0.308664 0.331098 0.360238
0.308080 0.331893 0.360026
0.308184 0.331468 0.360348
0.309465 0.331466 0.359069
0.306266 0.331766 0.361968
0.307535 0.331479 0.360985
0.309380 0.331756 0.358864
0.306611 0.331629 0.361760
0.308228 0.331640 0.360132
0.308649 0.331687 0.359664
0.305969 0.331199 0.362833
0.309083 0.331653 0.359264
0.307160 0.331681 0.361159
0.306902 0.330750 0.362348
0.305912 0.330818 0.363270
0.307557 0.330185 0.362259
0.308827 0.329634 0.361538
0.306538 0.329845 0.363618
0.307807 0.328998 0.363194
0.307927 0.329822 0.362251
0.306446 0.329450 0.364104
0.308965 0.329628 0.361407
0.309597 0.329744 0.360659
0.303408 0.329318 0.367274
0.308257 0.330969 0.360775
0.307275 0.332226 0.360499
0.307361 0.332620 0.360019
0.305628 0.333096 0.361276
0.306125 0.332961 0.360915
0.305915 0.333810 0.360275
0.305612 0.333080 0.361307
0.306992 0.332809 0.360199
0.307394 0.332633 0.359972
0.307398 0.331433 0.361169
0.307126 0.331511 0.361363
0.308072 0.331439 0.360489
0.309615 0.331787 0.358598
0.306894 0.332179 0.360927
0.307019 0.332218 0.360763
0.306076 0.332293 0.361632
0.305331 0.332226 0.362443
0.306402 0.332572 0.361025
0.305059 0.332589 0.362351
0.307005 0.332646 0.360348
0.305437 0.332774 0.361789
0.307354 0.332448 0.360198
0.307247 0.332353 0.360400
0.307285 0.332594 0.360121
0.306383 0.333033 0.360584
0.305852 0.332761 0.361387
0.306616 0.332682 0.360703
0.306938 0.332133 0.360928
0.305416 0.331712 0.362872
0.303499 0.331570 0.364931
0.304532 0.331187 0.364281
0.303655 0.332041 0.364304
0.306361 0.332138 0.361500
0.304980 0.332156 0.362864
0.306610 0.332579 0.360811
0.307572 0.332568 0.359859
0.304546 0.332630 0.362824
0.306942 0.333191 0.359867
0.306155 0.332354 0.361491
0.305052 0.332433 0.362515
0.306503 0.332724 0.360774
0.305815 0.332405 0.361781
0.306734 0.332957 0.360309
0.307832 0.333094 0.359074
0.307252 0.332900 0.359848
0.305997 0.332755 0.361248
0.305374 0.332836 0.361790
0.305214 0.331825 0.362961
0.306154 0.331443 0.362403
0.305207 0.331193 0.363600
0.306069 0.331698 0.362233
0.306987 0.331503 0.361510
0.305753 0.331419 0.362828
0.307247 0.330901 0.361853
0.305244 0.331657 0.363099
0.305149 0.331252 0.363599
0.308277 0.331235 0.360488
0.307586 0.331669 0.360744
0.308854 0.331569 0.359577
0.307733 0.332235 0.360032
0.308346 0.332787 0.358867
0.308755 0.332305 0.358940
0.306251 0.332442 0.361307
0.307399 0.332905 0.359696
0.305758 0.332446 0.361795
0.305647 0.332972 0.361381
0.307803 0.331954 0.360243
0.306254 0.332151 0.361595
0.307289 0.331848 0.360863
0.306936 0.331834 0.361230
0.307816 0.332024 0.360161
0.306630 0.331729 0.361640
0.305633 0.332442 0.361925
0.306189 0.331741 0.362070
0.305295 0.331428 0.363277
0.306359 0.331315 0.362326
0.307073 0.331539 0.361389
0.309019 0.331590 0.359391
0.308405 0.331634 0.359961
0.308100 0.331843 0.360057
0.308851 0.332075 0.359074
0.308750 0.332401 0.358848
0.308430 0.331944 0.359626
0.308273 0.331935 0.359792
0.309156 0.332056 0.358788
0.307162 0.331905 0.360933
0.307622 0.331847 0.360532
0.307524 0.331907 0.360570
0.306172 0.331495 0.362333
0.307464 0.332052 0.360483
0.305666 0.331556 0.362778
0.308592 0.331779 0.359629
0.307801 0.332131 0.360068
0.309576 0.332099 0.358325
0.309626 0.332154 0.358220
0.309672 0.332060 0.358268
0.308092 0.330868 0.361040
0.306853 0.330763 0.362383
0.305392 0.329837 0.364772
0.304154 0.330807 0.365039
0.302976 0.331311 0.365713
0.302578 0.331218 0.366204
0.302192 0.330910 0.366898
0.302098 0.330365 0.367536
0.303350 0.330620 0.366030
0.303331 0.330679 0.365990
0.305464 0.330913 0.363623
0.306455 0.330709 0.362836
0.305065 0.331367 0.363569
0.304770 0.331167 0.364063
0.303655 0.330544 0.365801
0.305884 0.330781 0.363336
0.304569 0.330475 0.364955
0.288474 0.329140 0.382386
0.292147 0.330246 0.377607
0.293400 0.329253 0.377347
0.290494 0.324256 0.385250
0.289343 0.321425 0.389232
0.279117 0.325466 0.395417
0.294111 0.330986 0.374903
0.291039 0.330339 0.378622
0.291632 0.330070 0.378298
0.291720 0.330093 0.378188
0.290317 0.332040 0.377643
0.293724 0.334160 0.372116
0.297329 0.334237 0.368434
0.298913 0.335155 0.365932
0.299863 0.334813 0.365324
0.300615 0.335356 0.364029
0.302459 0.335008 0.362533
0.303211 0.335404 0.361385
0.303614 0.335000 0.361386
0.302178 0.334728 0.363094
0.302822 0.335106 0.362072
0.302965 0.334898 0.362136
0.302472 0.334196 0.363332
0.301970 0.334062 0.363968
0.302264 0.333512 0.364224
0.300365 0.333150 0.366485
0.298600 0.331987 0.369413
0.299558 0.331062 0.369380
0.302334 0.331714 0.365952
0.302812 0.331789 0.365398
0.303229 0.332276 0.364494
0.306557 0.331944 0.361499
0.307035 0.331980 0.360985
0.306956 0.332243 0.360801
0.307190 0.332439 0.360371
0.307254 0.332390 0.360356
0.307271 0.332569 0.360160
0.308177 0.332648 0.359175
0.307722 0.332689 0.359589
0.306619 0.332517 0.360864
0.305530 0.332757 0.361713
0.306102 0.332590 0.361309
0.307046 0.332909 0.360045
0.306536 0.332502 0.360962
0.305972 0.332409 0.361619
0.304689 0.333163 0.362148
0.304660 0.332598 0.362742
0.304138 0.332487 0.363375
0.302775 0.332244 0.364982
0.306873 0.332836 0.360291
0.305711 0.332781 0.361508
0.306367 0.333894 0.359739
0.306886 0.333692 0.359422
0.280040 0.324305 0.395655
0.284532 0.330283 0.385185
0.290735 0.329578 0.379687
0.311034 0.330627 0.358339
0.311923 0.330246 0.357831
0.314415 0.332198 0.353387
0.313154 0.331800 0.355045
0.313824 0.331732 0.354444
0.309241 0.331597 0.359162
0.311550 0.332498 0.355953
0.311995 0.333121 0.354884
0.311822 0.330928 0.357251
0.312097 0.332104 0.355799
0.310189 0.330165 0.359646
0.312702 0.329378 0.357920
0.308228 0.330515 0.361257
0.311717 0.329987 0.358295
0.312726 0.330743 0.356531
0.311420 0.329412 0.359168
0.313753 0.331374 0.354874
0.310052 0.330960 0.358988
0.312917 0.331722 0.355361
0.309434 0.330511 0.360055
0.315877 0.332710 0.351413
0.314551 0.330776 0.354673
0.314632 0.330827 0.354541
0.313814 0.330534 0.355652
0.316700 0.328547 0.354753
0.313133 0.328471 0.358396
0.314931 0.328401 0.356668
0.317279 0.329116 0.353606
0.318164 0.328713 0.353123
0.317867 0.328245 0.353887
0.322068 0.327861 0.350071
0.318083 0.328579 0.353338
0.320992 0.329831 0.349177
0.319916 0.322569 0.357515
0.315367 0.324216 0.360417
0.316546 0.323996 0.359458
0.310521 0.325120 0.364358
0.308746 0.329310 0.361945
0.307714 0.327775 0.364511
0.310446 0.334048 0.355507
0.312136 0.334341 0.353523
0.309760 0.332984 0.357255
0.308545 0.333177 0.358278
0.311195 0.333814 0.354990
0.310638 0.333370 0.355992
0.310845 0.333356 0.355799
0.308334 0.331648 0.360018
0.310509 0.331781 0.357710
0.311430 0.332830 0.355740
0.311624 0.332933 0.355443
0.312679 0.333020 0.354300
0.313492 0.333644 0.352864
0.312540 0.333751 0.353709
0.299847 0.331809 0.368343
0.300938 0.332220 0.366841
0.295360 0.330926 0.373714
0.296663 0.332553 0.370784
0.299128 0.332295 0.368577
0.297823 0.332055 0.370122
0.298155 0.328639 0.373206
0.299319 0.329882 0.370800
0.302404 0.329638 0.367958
0.300266 0.328748 0.370986
0.306995 0.333230 0.359775
0.306225 0.332501 0.361274
0.307342 0.332663 0.359995
0.306635 0.332992 0.360373
0.307277 0.332762 0.359961
0.306125 0.333047 0.360828
0.307958 0.332797 0.359245
0.293376 0.328888 0.377736
0.291545 0.327094 0.381361
0.292765 0.323436 0.383798
0.300181 0.326618 0.373201
0.299711 0.327975 0.372314
0.307358 0.325616 0.367025
0.306838 0.327932 0.365230
0.308115 0.324019 0.367865
0.307261 0.324623 0.368115
0.306909 0.322498 0.370593
0.305510 0.327259 0.367232
0.307093 0.325107 0.367800
0.308417 0.319891 0.371692
0.313689 0.309368 0.376942
0.308606 0.310671 0.380723
0.304176 0.310352 0.385472
0.313247 0.328988 0.357765
0.319222 0.329972 0.350806
0.318793 0.331889 0.349319
0.318091 0.331707 0.350202
0.318565 0.332204 0.349231
0.315329 0.332716 0.351956
0.318998 0.333057 0.347945
0.314597 0.333555 0.351848
0.315354 0.333720 0.350926
0.317263 0.334345 0.348392
0.314278 0.334231 0.351491
0.316369 0.334134 0.349498
0.313267 0.334450 0.352283
0.314557 0.334570 0.350873
0.313977 0.334482 0.351542
0.313164 0.334229 0.352607
0.315026 0.334694 0.350280
0.312331 0.334548 0.353121
0.313938 0.335122 0.350939
0.312185 0.334555 0.353260
0.312660 0.334277 0.353063
0.311626 0.334106 0.354267
0.311356 0.334173 0.354471
0.313373 0.333642 0.352985
0.311382 0.334212 0.354406
0.313363 0.334559 0.352079
0.313154 0.334378 0.352468
0.312726 0.334739 0.352535
0.313838 0.334624 0.351538
0.315096 0.334898 0.350006
0.317074 0.335241 0.347686
0.316176 0.335198 0.348625
0.317673 0.335056 0.347271
0.317148 0.334884 0.347968
0.316751 0.334112 0.349137
0.316050 0.334161 0.349789
0.315874 0.334085 0.350042
0.316243 0.333899 0.349857
0.314807 0.332366 0.352827
0.317933 0.333243 0.348825
0.316129 0.333564 0.350308
0.318316 0.332653 0.349030
0.315930 0.332925 0.351145
0.318465 0.332775 0.348760
0.318899 0.331887 0.349214
0.316076 0.332499 0.351425
0.314119 0.333443 0.352438
0.313983 0.333899 0.352118
0.313875 0.334097 0.352028
0.314235 0.333845 0.351920
0.314323 0.333938 0.351739
0.314185 0.332568 0.353246
0.316123 0.333103 0.350773
0.316447 0.333312 0.350241
0.315068 0.332815 0.352117
0.314022 0.332972 0.353005
0.317601 0.332273 0.350126
0.314240 0.332336 0.353425
0.314736 0.332547 0.352716
0.315781 0.332349 0.351870
0.313424 0.332183 0.354393
0.311847 0.334256 0.353897
0.311859 0.333920 0.354221
0.311432 0.334150 0.354418
0.311115 0.334108 0.354777
0.312016 0.333564 0.354421
0.311157 0.334008 0.354835
0.310083 0.334469 0.355447
0.311942 0.334475 0.353582
0.312469 0.333725 0.353806
0.314027 0.333652 0.352321
0.314809 0.333370 0.351820
0.315440 0.333329 0.351231
0.314403 0.333294 0.352303
0.313958 0.333468 0.352574
0.312448 0.334142 0.353410
0.312373 0.333804 0.353823
0.310757 0.333592 0.355651
0.309665 0.333706 0.356630
0.309753 0.333118 0.357129
0.310740 0.333519 0.355741
0.310825 0.333699 0.355475
0.312791 0.333249 0.353960
0.311461 0.333118 0.355421
0.314750 0.332467 0.352784
0.313360 0.332058 0.354582
0.314592 0.332185 0.353224
0.316443 0.332397 0.351160
0.316152 0.332064 0.351784
0.316134 0.332597 0.351269
0.316830 0.332850 0.350320
0.315155 0.333044 0.351800
0.313346 0.332911 0.353743
0.314646 0.333559 0.351795
0.314220 0.333479 0.352301
0.316352 0.333073 0.350575
0.315465 0.333153 0.351382
0.316670 0.333100 0.350230
0.316455 0.332267 0.351278
0.319035 0.332714 0.348252
0.319016 0.332880 0.348104
0.317867 0.332910 0.349224
0.318710 0.332874 0.348416
0.322473 0.332580 0.344946
0.320624 0.332479 0.346897
0.319666 0.332502 0.347832
0.322489 0.332630 0.344881
0.319974 0.332254 0.347772
0.320256 0.332841 0.346903
0.323294 0.332597 0.344109
0.324551 0.332242 0.343208
0.323913 0.332567 0.343520
0.321838 0.332379 0.345783
0.325023 0.332474 0.342503
0.322477 0.332374 0.345149
0.321495 0.332697 0.345808
0.321208 0.332669 0.346123
0.323691 0.333136 0.343172
0.321240 0.332385 0.346375
0.320256 0.332830 0.346913
0.319082 0.332425 0.348493
0.318999 0.332798 0.348204
0.318820 0.332767 0.348412
0.316600 0.332558 0.350842
0.315573 0.332475 0.351951
0.312528 0.332328 0.355144
0.310937 0.331921 0.357142
0.310263 0.331867 0.357870
0.311455 0.332260 0.356285
0.311190 0.334700 0.354110
0.313332 0.334438 0.352229
0.313940 0.334122 0.351938
0.312909 0.334734 0.352357
0.314300 0.334350 0.351350
0.315219 0.334239 0.350542
0.314495 0.334061 0.351444
0.312949 0.334207 0.352843
0.310792 0.334713 0.354494
0.312634 0.334375 0.352990
0.312106 0.333963 0.353931
0.312626 0.333804 0.353570
0.312327 0.333372 0.354301
0.317403 0.331082 0.351515
0.322426 0.329408 0.348166
0.322951 0.325560 0.351489
0.319206 0.330368 0.350426
0.318331 0.330883 0.350785
0.322178 0.329936 0.347886
0.322804 0.329912 0.347285
0.323770 0.330059 0.346172
0.320010 0.330958 0.349032
0.322823 0.330748 0.346430
0.320907 0.331344 0.347749
0.319094 0.331246 0.349660
0.320920 0.331677 0.347402
0.320243 0.331820 0.347937
0.320670 0.332026 0.347304
0.318248 0.332111 0.349641
0.321148 0.331472 0.347380
0.317905 0.331654 0.350441
0.319484 0.332044 0.348472
0.318962 0.331767 0.349272
0.319574 0.331336 0.349089
0.319833 0.331627 0.348539
0.317324 0.331687 0.350989
0.319785 0.331520 0.348695
0.318490 0.331440 0.350070
0.321273 0.331769 0.346958
0.315838 0.331978 0.352185
0.313150 0.332084 0.354767
0.311470 0.331483 0.357047
0.308478 0.331069 0.360453
0.310213 0.331299 0.358488
0.310792 0.331914 0.357294
0.312540 0.331786 0.355673
0.313328 0.331531 0.355141
0.314621 0.331646 0.353733
0.316877 0.336440 0.346683
0.319241 0.335350 0.345409
0.316090 0.334487 0.349423
0.322114 0.333086 0.344799
0.317156 0.333749 0.349095
0.319423 0.333753 0.346824
0.316649 0.334104 0.349247
0.315374 0.334437 0.350189
0.317527 0.334499 0.347975
0.314210 0.334733 0.351057
0.321075 0.330673 0.348252
0.322372 0.330617 0.347012
0.321825 0.331087 0.347089
0.320500 0.332609 0.346891
0.317521 0.333250 0.349229
0.317883 0.333761 0.348357
0.320318 0.334449 0.345233
0.321015 0.334574 0.344412
0.319357 0.334311 0.346332
0.318412 0.334813 0.346775
0.317168 0.334331 0.348501
0.317868 0.334538 0.347594
0.315024 0.334881 0.350095
0.315314 0.334673 0.350013
0.314013 0.335157 0.350829
0.315871 0.335054 0.349074
0.312959 0.335206 0.351835
0.313816 0.335416 0.350768
0.312632 0.335475 0.351893
0.312586 0.334895 0.352519
0.317696 0.333019 0.349285
0.317432 0.331329 0.351240
0.321351 0.328851 0.349797
0.323428 0.325318 0.351254
0.325703 0.326160 0.348137
0.324293 0.327673 0.348034
0.321935 0.329602 0.348463
0.317082 0.330005 0.352914
0.317605 0.330636 0.351759
0.315979 0.330924 0.353097
0.316606 0.331436 0.351959
0.316175 0.331374 0.352451
0.316260 0.331922 0.351818
0.314547 0.331541 0.353912
0.317811 0.330986 0.351203
0.316233 0.331300 0.352467
0.318111 0.331429 0.350460
0.317169 0.330819 0.352012
0.318916 0.330385 0.350699
0.321555 0.329154 0.349291
0.320578 0.331318 0.348104
0.321434 0.331537 0.347029
0.321882 0.331573 0.346546
0.320998 0.331601 0.347400
0.319635 0.332105 0.348260
0.320262 0.331460 0.348277
0.319163 0.330913 0.349925
0.327755 0.330833 0.341412
0.325215 0.331193 0.343591
0.323033 0.331825 0.345142
0.322376 0.331851 0.345773
0.322970 0.331079 0.345951
0.326410 0.330586 0.343004
0.326163 0.330694 0.343143
0.328196 0.329055 0.342749
0.318380 0.335719 0.345902
0.316476 0.335408 0.348116
0.315363 0.335892 0.348745
0.316007 0.335663 0.348331
0.317731 0.335053 0.347216
0.318451 0.334630 0.346919
0.322207 0.334132 0.343660
0.321850 0.334431 0.343719
0.323759 0.334593 0.341648
0.324615 0.334492 0.340893
0.323166 0.334567 0.342266
0.317829 0.334412 0.347759
0.317020 0.334074 0.348906
0.315194 0.334162 0.350643
0.316891 0.334660 0.348449
0.319477 0.335453 0.345070
0.320499 0.334660 0.344841
0.321404 0.334498 0.344098
0.316817 0.335077 0.348106
0.317808 0.335665 0.346527
0.316036 0.336146 0.347818
0.317201 0.335799 0.347000
0.319388 0.336238 0.344374
0.316986 0.336293 0.346721
0.319615 0.335358 0.345027
0.321584 0.335364 0.343052
0.317018 0.335234 0.347748
0.320829 0.335369 0.343802
0.318690 0.335274 0.346036
0.323291 0.334073 0.342635
0.325781 0.332197 0.342022
0.327069 0.329997 0.342935
0.325097 0.329629 0.345273
0.328937 0.331390 0.339673
0.327251 0.330400 0.342348
0.333347 0.329779 0.336874
0.327575 0.330658 0.341766
0.331216 0.330019 0.338765
0.327288 0.330501 0.342211
0.330393 0.331393 0.338214
0.326082 0.331594 0.342323
0.329791 0.332108 0.338101
0.327350 0.332490 0.340161
0.329676 0.331498 0.338826
0.326515 0.332776 0.340709
0.331929 0.331738 0.336333
0.322895 0.333156 0.343948
0.328664 0.332572 0.338764
0.323029 0.333553 0.343418
0.324418 0.333003 0.342579
0.325391 0.333560 0.341048
0.326029 0.332530 0.341441
0.329257 0.332555 0.338188
0.322299 0.333344 0.344357
0.316125 0.335274 0.348601
0.316670 0.335401 0.347929
0.315535 0.335268 0.349197
0.319418 0.335227 0.345355
0.317779 0.334988 0.347233
0.319819 0.335204 0.344977
0.320973 0.334935 0.344092
0.320148 0.334456 0.345396
0.321741 0.334769 0.343490
0.323221 0.334351 0.342428
0.321302 0.334110 0.344589
0.323042 0.334343 0.342615
0.319955 0.334300 0.345745
0.318727 0.334222 0.347051
0.317430 0.334454 0.348116
0.317617 0.334211 0.348172
0.314521 0.334343 0.351136
0.310148 0.332867 0.356985
0.311360 0.333347 0.355293
0.313434 0.334216 0.352350
0.312655 0.334510 0.352835
0.313141 0.334564 0.352296
0.316304 0.335397 0.348298
0.315679 0.335369 0.348952
0.316223 0.335512 0.348265
0.315085 0.336105 0.348810
0.318132 0.335908 0.345960
0.327349 0.335158 0.337493
0.328607 0.334773 0.336621
0.330849 0.334633 0.334518
0.330855 0.334675 0.334469
0.333740 0.334528 0.331732
0.317274 0.333798 0.348928
0.315996 0.334088 0.349916
0.318914 0.334039 0.347047
0.315789 0.333650 0.350561
0.318212 0.334335 0.347453
0.317111 0.334806 0.348083
0.320045 0.334532 0.345424
0.318941 0.333583 0.347476
0.321136 0.334311 0.344553
0.322428 0.334450 0.343122
0.321246 0.334069 0.344684
0.325599 0.333583 0.340817
0.323236 0.334154 0.342610
0.325732 0.334757 0.339510
0.327014 0.333436 0.339550
0.326234 0.334223 0.339543
0.322603 0.333661 0.343736
0.313560 0.334818 0.351622
0.312863 0.334475 0.352661
0.310899 0.334098 0.355003
0.312826 0.334111 0.353063
0.313409 0.333821 0.352770
0.314393 0.334253 0.351355
0.313425 0.334146 0.352428
0.316242 0.335494 0.348265
0.313952 0.334283 0.351764
0.315958 0.334060 0.349983
0.314507 0.334175 0.351319
0.317860 0.334632 0.347508
0.315190 0.334680 0.350131
0.313697 0.334637 0.351667
0.316201 0.335101 0.348698
0.314416 0.334608 0.350976
0.313753 0.333403 0.352844
0.313697 0.333716 0.352588
0.315028 0.333264 0.351709
0.318144 0.333367 0.348489
0.316255 0.332927 0.350818
0.317187 0.333253 0.349560
0.317701 0.333584 0.348715
0.315917 0.333957 0.350126
0.313022 0.334136 0.352842
0.323571 0.334060 0.342369
0.319219 0.334302 0.346479
0.323244 0.335125 0.341632
0.318946 0.334730 0.346324
0.324900 0.333535 0.341565
0.311242 0.334775 0.353983
0.312563 0.335105 0.352333
0.311504 0.334876 0.353619
0.308110 0.334700 0.357190
0.308984 0.334348 0.356668
0.306943 0.334767 0.358290
0.305740 0.334614 0.359646
0.308280 0.334530 0.357190
0.285812 0.333490 0.380698
0.300808 0.332203 0.366990
0.301568 0.332728 0.365705
0.302227 0.333237 0.364536
0.302179 0.333619 0.364203
0.304371 0.333343 0.362287
0.299733 0.333771 0.366496
0.297606 0.332987 0.369407
0.295427 0.333729 0.370843
0.294899 0.332731 0.372370
0.294735 0.332695 0.372570
0.286319 0.331778 0.381902
0.294946 0.332913 0.372141
0.294220 0.332536 0.373244
0.294799 0.330544 0.374657
0.293991 0.327503 0.378506
0.299064 0.333399 0.367536
0.299344 0.334260 0.366397
0.298203 0.334392 0.367404
0.294868 0.332310 0.372822
0.291419 0.333343 0.375239
0.279982 0.330012 0.390006
0.279258 0.326476 0.394265
0.294569 0.331184 0.374247
0.291913 0.330826 0.377261
0.293230 0.331655 0.375116
0.290947 0.332128 0.376925
0.295805 0.331019 0.373176
0.297794 0.331075 0.371131
0.298799 0.331969 0.369231
0.303099 0.331681 0.365220
0.303205 0.333054 0.363741
0.305041 0.332578 0.362381
0.309422 0.333137 0.357441
0.308205 0.333959 0.357836
0.308948 0.333278 0.357774
0.309350 0.334501 0.356149
0.309614 0.334781 0.355605
0.308400 0.334565 0.357035
0.308309 0.334726 0.356965
0.308206 0.334833 0.356961
0.308869 0.334548 0.356583
0.306707 0.334408 0.358885
0.307454 0.332241 0.360305
0.306827 0.332319 0.360854
0.308073 0.332795 0.359133
0.308564 0.332973 0.358462
0.308067 0.333462 0.358471
0.307055 0.334945 0.358000
0.307867 0.335188 0.356945
0.308410 0.335858 0.355733
0.308570 0.336505 0.354925
0.310193 0.336689 0.353118
0.310529 0.337265 0.352205
0.311282 0.337627 0.351090
0.312626 0.337814 0.349560
0.313528 0.338121 0.348351
0.314907 0.338317 0.346776
0.316478 0.338546 0.344977
0.317372 0.338834 0.343794
0.319400 0.339034 0.341566
0.321019 0.339031 0.339950
0.298873 0.332368 0.368759
0.304052 0.334223 0.361725
0.308193 0.334919 0.356888
0.310452 0.335411 0.354137
0.307907 0.334667 0.357427
0.308386 0.334186 0.357428
0.307745 0.334743 0.357512
0.306078 0.334558 0.359363
0.306141 0.335192 0.358668
0.304733 0.333761 0.361505
0.304103 0.334630 0.361267
0.304817 0.334293 0.360891
0.304883 0.334156 0.360960
0.305108 0.333858 0.361034
0.307329 0.334509 0.358161
0.306706 0.334721 0.358573
0.306793 0.334692 0.358515
0.307172 0.335052 0.357776
0.313411 0.334604 0.351985
0.308147 0.334225 0.357628
0.307951 0.333771 0.358278
0.308455 0.333761 0.357784
0.300606 0.322366 0.377028
0.313454 0.325089 0.361457
0.303234 0.321832 0.374934
0.294304 0.322000 0.383697
0.288206 0.321776 0.390018
0.283665 0.321260 0.395075
0.288984 0.325125 0.385891
0.298864 0.329622 0.371514
0.305456 0.334935 0.359609
0.305827 0.334140 0.360033
0.307020 0.335249 0.357730
0.306100 0.334678 0.359223
0.306467 0.334826 0.358707
0.308573 0.334566 0.356861
0.306788 0.334497 0.358715
0.307963 0.334686 0.357352
0.307464 0.334049 0.358487
0.307658 0.334291 0.358051
0.307046 0.334396 0.358558
0.308799 0.334223 0.356978
0.306780 0.334216 0.359004
0.308397 0.334311 0.357292
0.307428 0.333975 0.358596
0.308347 0.334476 0.357178
0.307564 0.334585 0.357851
0.308347 0.335026 0.356627
0.307183 0.333740 0.359076
0.305469 0.333683 0.360848
0.306066 0.333604 0.360330
0.302841 0.333726 0.363433
0.302849 0.333156 0.363995
0.302715 0.333176 0.364109
0.304366 0.334043 0.361591
0.306105 0.333422 0.360474
0.305614 0.333264 0.361121
0.306299 0.333297 0.360403
0.307545 0.333446 0.359010
0.305410 0.333289 0.361301
0.307572 0.333916 0.358512
0.307782 0.333972 0.358247
0.309239 0.333952 0.356810
0.306841 0.333632 0.359527
0.307829 0.334580 0.357590
0.306406 0.334146 0.359447
0.308027 0.334577 0.357395
0.306545 0.334206 0.359248
0.307141 0.334829 0.358031
0.306069 0.334983 0.358948
0.308568 0.334499 0.356932
0.306299 0.334219 0.359481
0.307365 0.334525 0.358110
0.306268 0.334470 0.359261
0.308764 0.335010 0.356226
0.306404 0.334853 0.358743
0.308576 0.335124 0.356300
0.307401 0.334934 0.357665
0.309534 0.335067 0.355399
0.308242 0.335408 0.356349
0.307798 0.335060 0.357142
0.308254 0.335069 0.356677
0.309657 0.335579 0.354764
0.309545 0.335285 0.355171
0.309485 0.335834 0.354681
0.309322 0.335216 0.355462
0.309462 0.335137 0.355401
0.309815 0.335388 0.354796
0.311334 0.335043 0.353623
0.309546 0.335317 0.355138
0.307512 0.335848 0.356640
0.307290 0.335803 0.356908
0.308633 0.335557 0.355810
0.308086 0.335480 0.356433
0.308079 0.335377 0.356544
0.307058 0.335767 0.357176
0.307668 0.334930 0.357402
0.308085 0.335476 0.356440
0.309756 0.334923 0.355321
0.308852 0.335643 0.355505
0.310551 0.335161 0.354288
0.309301 0.335464 0.355235
0.310599 0.335373 0.354028
0.308869 0.335031 0.356100
0.310000 0.334878 0.355122
0.308903 0.334986 0.356111
0.309035 0.335329 0.355636
0.308023 0.335615 0.356362
0.308199 0.333045 0.358756
0.309705 0.332973 0.357323
0.308272 0.332623 0.359105
0.309599 0.332975 0.357425
0.309459 0.333132 0.357409
0.308394 0.332958 0.358648
0.307325 0.333067 0.359608
0.305519 0.336698 0.357783
0.299099 0.335419 0.365481
0.308637 0.337343 0.354020
0.299925 0.335568 0.364507
0.267086 0.332699 0.400216
0.309703 0.337561 0.352736
0.293411 0.335896 0.370694
0.306460 0.332286 0.361254
0.306572 0.332300 0.361128
0.308197 0.333018 0.358785
0.306838 0.332944 0.360218
0.307973 0.333343 0.358685
0.307854 0.332908 0.359238
0.307706 0.332778 0.359516
0.307652 0.332515 0.359833
0.308657 0.332947 0.358396
0.308546 0.332715 0.358739
0.307946 0.334214 0.357841
0.309073 0.334645 0.356281
0.308735 0.334720 0.356545
0.308687 0.335198 0.356114
0.307949 0.335187 0.356864
0.305848 0.335147 0.359005
0.308517 0.335534 0.355949
0.308648 0.335357 0.355995
0.308765 0.336591 0.354645
0.307712 0.336846 0.355442
0.308297 0.336345 0.355359
0.307875 0.336693 0.355431
0.307654 0.335802 0.356543
0.308403 0.335430 0.356166
0.308019 0.335855 0.356126
0.306724 0.335771 0.357505
0.307603 0.336849 0.355548
0.307656 0.336915 0.355430
0.306533 0.336417 0.357050
0.307143 0.335730 0.357127
0.306958 0.335303 0.357739
0.298031 0.328690 0.373279
0.298180 0.327911 0.373909
0.298576 0.327327 0.374097
0.295402 0.327687 0.376912
0.296343 0.325556 0.378101
0.291431 0.324347 0.384222
0.305390 0.334100 0.360510
0.307586 0.334609 0.357804
0.308843 0.335119 0.356037
0.311075 0.335773 0.353152
0.311681 0.336148 0.352170
0.313622 0.336211 0.350167
0.314128 0.336075 0.349797
0.314363 0.336037 0.349600
0.315092 0.335784 0.349124
0.313657 0.335821 0.350523
0.313600 0.335783 0.350618
0.313592 0.335362 0.351045
0.313033 0.335338 0.351629
0.312926 0.335613 0.351462
0.312412 0.335566 0.352022
0.311369 0.335557 0.353073
0.309859 0.334628 0.355513
0.314936 0.331681 0.353383
0.317039 0.331986 0.350974
0.316716 0.331400 0.351884
0.315299 0.330163 0.354537
0.313616 0.335499 0.350886
0.312381 0.336322 0.351297
0.313113 0.336754 0.350133
0.310442 0.336410 0.353148
0.308607 0.334736 0.356657
0.303328 0.333489 0.363183
0.305026 0.334096 0.360879
0.308517 0.336874 0.354609
0.314471 0.337965 0.347564
0.320602 0.337627 0.341771
0.322897 0.338695 0.338408
0.324589 0.338395 0.337017
0.321769 0.338724 0.339508
0.322205 0.338657 0.339138
0.321715 0.338974 0.339311
0.322132 0.339439 0.338429
0.319232 0.338314 0.342453
0.324371 0.338653 0.336976
0.325805 0.338871 0.335324
0.326621 0.339181 0.334197
0.327591 0.339732 0.332677
0.316461 0.336828 0.346710
0.319418 0.337215 0.343367
0.319815 0.337460 0.342725
0.320593 0.337287 0.342120
0.322287 0.337576 0.340137
0.322278 0.338183 0.339539
0.321217 0.337959 0.340824
0.317541 0.337270 0.345189
0.317230 0.337456 0.345314
0.315249 0.337224 0.347527
0.314553 0.336745 0.348703
0.304349 0.335477 0.360175
0.303833 0.336159 0.360008
0.304675 0.337041 0.358284
0.305672 0.337214 0.357114
0.306753 0.335869 0.357379
0.309227 0.334809 0.355964
0.311038 0.334534 0.354428
0.312274 0.334985 0.352741
0.311554 0.335070 0.353376
0.311445 0.335598 0.352956
0.310770 0.335523 0.353707
0.311108 0.335776 0.353116
0.310900 0.336193 0.352907
0.311291 0.335984 0.352725
0.312790 0.335817 0.351393
0.311020 0.335924 0.353056
0.311146 0.335752 0.353103
0.310098 0.336152 0.353749
0.310508 0.335991 0.353501
0.310316 0.336136 0.353548
0.311721 0.336086 0.352193
0.310608 0.335891 0.353501
0.310716 0.336357 0.352927
0.312778 0.333631 0.353590
0.313149 0.333391 0.353460
0.313100 0.333285 0.353615
0.310495 0.332210 0.357295
0.305593 0.329667 0.364740
0.310336 0.334859 0.354805
0.311507 0.335028 0.353465
0.310774 0.334578 0.354647
0.310714 0.334273 0.355014
0.310001 0.334232 0.355766
0.309110 0.334072 0.356818
0.308365 0.334132 0.357503
0.307427 0.333964 0.358609
0.306912 0.334797 0.358291
0.306211 0.334537 0.359251
0.306443 0.334248 0.359309
0.306955 0.334549 0.358496
0.308721 0.334705 0.356573
0.309248 0.334955 0.355797
0.310278 0.335083 0.354639
0.309709 0.335513 0.354778
0.310376 0.335458 0.354166
0.310931 0.334914 0.354156
0.311769 0.334188 0.354043
0.311914 0.333996 0.354090
0.312626 0.334173 0.353201
0.311708 0.333587 0.354705
0.311831 0.333539 0.354631
0.297863 0.329345 0.372792
0.309012 0.332217 0.358771
0.309147 0.334105 0.356748
0.311744 0.335222 0.353033
0.312850 0.334742 0.352408
0.311936 0.334623 0.353441
0.309435 0.334394 0.356171
0.311946 0.335769 0.352285
0.311314 0.335538 0.353148
0.310836 0.336045 0.353119
0.312976 0.335390 0.351633
0.313587 0.337073 0.349340
0.314152 0.337457 0.348391
0.312605 0.337364 0.350031
0.314842 0.337433 0.347726
0.312746 0.337075 0.350179
0.315169 0.336814 0.348018
0.311774 0.335496 0.352731
0.313637 0.336255 0.350108
0.312811 0.336272 0.350917
0.313906 0.336054 0.350041
0.316605 0.337017 0.346378
0.315902 0.336579 0.347519
0.317614 0.336919 0.345466
0.317453 0.336693 0.345853
0.316895 0.336865 0.346240
0.319373 0.337104 0.343523
0.315453 0.335905 0.348642
0.315883 0.336909 0.347208
0.319031 0.337044 0.343925
0.315878 0.336897 0.347224
0.320069 0.337299 0.342632
0.320961 0.337460 0.341579
0.318709 0.336711 0.344580
0.320374 0.336484 0.343142
0.321867 0.336117 0.342016
0.318131 0.336098 0.345772
0.341184 0.327360 0.331456
0.313959 0.336953 0.349088
0.314850 0.336285 0.348865
0.310966 0.335824 0.353210
0.312987 0.339793 0.347219
0.311617 0.338332 0.350051
0.313211 0.337901 0.348887
0.312876 0.337764 0.349361
0.314543 0.338557 0.346900
0.314793 0.338268 0.346939
0.312765 0.337966 0.349268
0.312715 0.338004 0.349280
0.312420 0.337537 0.350043
0.310670 0.337330 0.352000
0.311614 0.336908 0.351478
0.310259 0.335610 0.354131
0.308491 0.335531 0.355978
0.310663 0.335819 0.353518
0.307430 0.335896 0.356674
0.307545 0.335292 0.357163
0.309063 0.335448 0.355489
0.307946 0.335659 0.356395
0.309916 0.336373 0.353711
0.311665 0.337035 0.351300
0.309931 0.337030 0.353038
0.310756 0.337531 0.351713
0.310330 0.338069 0.351601
0.313433 0.337978 0.348589
0.312910 0.337807 0.349283
0.311922 0.337474 0.350605
0.316076 0.338732 0.345192
0.316548 0.338276 0.345175
0.316068 0.338248 0.345684
0.319752 0.338400 0.341848
0.316957 0.337428 0.345615
0.317162 0.337696 0.345142
0.318116 0.337969 0.343915
0.318015 0.337675 0.344309
0.320735 0.338457 0.340808
0.319005 0.337839 0.343155
0.319967 0.338654 0.341379
0.317697 0.338385 0.343918
0.315419 0.338360 0.346221
0.319767 0.339568 0.340665
0.317760 0.339380 0.342860
0.318252 0.338722 0.343026
0.316521 0.338432 0.345046
0.319614 0.339779 0.340607
0.319573 0.339850 0.340577
0.317688 0.338566 0.343746
0.318646 0.339366 0.341988
0.318582 0.338879 0.342539
0.316267 0.338681 0.345053
0.318655 0.339687 0.341659
0.318259 0.339298 0.342443
0.317136 0.338299 0.344565
0.319642 0.339661 0.340697
0.315142 0.336557 0.348301
0.314325 0.335921 0.349754
0.316698 0.336345 0.346957
0.315771 0.335813 0.348415
0.318092 0.337622 0.344286
0.316917 0.337514 0.345569
0.315736 0.338480 0.345784
0.317673 0.338021 0.344307
0.317259 0.337895 0.344847
0.318811 0.339679 0.341509
0.319011 0.339840 0.341150
0.319993 0.340554 0.339453
0.322689 0.341454 0.335856
0.326164 0.341405 0.332430
0.326604 0.341026 0.332370
0.329123 0.341409 0.329468
0.326172 0.340856 0.332972
0.318034 0.338648 0.343317
0.320204 0.338220 0.341576
0.312434 0.334712 0.352854
0.314718 0.335272 0.350010
0.313206 0.335208 0.351585
0.317426 0.336388 0.346185
0.316046 0.335415 0.348538
0.318415 0.334525 0.347061
0.320995 0.334771 0.344234
0.317471 0.334503 0.348026
0.320776 0.334737 0.344487
0.317878 0.334272 0.347849
0.315860 0.334416 0.349724
0.318022 0.335584 0.346394
0.315176 0.334831 0.349993
0.316499 0.335505 0.347995
0.317428 0.334435 0.348137
0.316684 0.334226 0.349090
0.319464 0.336040 0.344496
0.316938 0.335937 0.347124
0.316397 0.336792 0.346811
0.317063 0.336272 0.346665
0.316482 0.336364 0.347154
0.318492 0.336721 0.344787
0.316318 0.336355 0.347327
0.317418 0.335728 0.346853
0.319025 0.335942 0.345032
0.316850 0.335075 0.348075
0.319546 0.336130 0.344324
0.319514 0.337325 0.343161
0.320263 0.337143 0.342594
0.317697 0.336655 0.345648
0.318675 0.336427 0.344898
0.318091 0.336760 0.345148
0.317290 0.336884 0.345825
0.319094 0.337812 0.343093
0.317524 0.337822 0.344653
0.317192 0.338027 0.344781
0.317191 0.336469 0.346341
0.320813 0.336846 0.342342
0.318152 0.337036 0.344812
0.314497 0.337191 0.348311
0.315784 0.336654 0.347562
0.315220 0.336743 0.348037
0.307840 0.335139 0.357021
0.309035 0.335421 0.355544
0.313873 0.336572 0.349555
0.313950 0.337587 0.348463
0.314914 0.336713 0.348373
0.313984 0.336859 0.349157
0.312206 0.335748 0.352045
0.315276 0.336219 0.348504
0.316278 0.335649 0.348072
0.316205 0.335763 0.348033
0.314004 0.334908 0.351087
0.313247 0.334635 0.352118
0.313601 0.334775 0.351623
0.312549 0.334721 0.352730
0.311799 0.334581 0.353620
0.312256 0.334207 0.353537
0.312440 0.335182 0.352378
0.313432 0.334661 0.351906
0.312017 0.334844 0.353139
0.312680 0.334406 0.352914
0.312658 0.334173 0.353169
0.309938 0.333762 0.356300
0.310815 0.333766 0.355419
0.309044 0.333230 0.357726
0.317595 0.334615 0.347790
0.318341 0.334727 0.346933
0.365794 0.351692 0.282514
0.364571 0.350877 0.284552
0.361884 0.349451 0.288665
0.363176 0.350368 0.286456
0.362699 0.349176 0.288125
0.360761 0.348554 0.290685
0.359309 0.347634 0.293057
0.358422 0.347345 0.294232
0.337187 0.342350 0.320463
0.337481 0.343257 0.319262
0.338492 0.343671 0.317837
0.337655 0.344163 0.318182
0.337029 0.344683 0.318287
0.336086 0.344003 0.319911
0.335197 0.343570 0.321233
0.334465 0.342760 0.322775
0.332562 0.343029 0.324409
0.331738 0.342814 0.325448
0.335187 0.343069 0.321744
0.334893 0.342756 0.322351
0.331802 0.342766 0.325433
0.334027 0.342341 0.323632
0.332124 0.342295 0.325580
0.331688 0.342664 0.325648
0.332513 0.342963 0.324524
0.333291 0.342082 0.324628
0.332569 0.343269 0.324161
0.335820 0.342906 0.321273
0.335084 0.342613 0.322303
0.333754 0.342946 0.323300
0.333333 0.343147 0.323521
0.328867 0.342136 0.328997
0.331016 0.342398 0.326586
0.330436 0.342242 0.327323
0.330440 0.341539 0.328021
0.329172 0.342299 0.328529
0.330460 0.342441 0.327099
0.325622 0.340971 0.333407
0.324317 0.341457 0.334227
0.326391 0.341412 0.332197
0.327840 0.341537 0.330622
0.328178 0.341243 0.330579
0.330260 0.341818 0.327922
0.329698 0.341094 0.329208
0.331270 0.341876 0.326854
0.332060 0.341483 0.326457
0.330728 0.340956 0.328315
0.332967 0.341854 0.325179
0.332949 0.342539 0.324513
0.331726 0.342833 0.325441
0.333941 0.342413 0.323646
0.335123 0.343104 0.321773
0.335387 0.343110 0.321503
0.336829 0.343227 0.319944
0.336963 0.342699 0.320338
0.336878 0.342817 0.320305
0.338055 0.342106 0.319839
0.336272 0.342219 0.321509
0.317110 0.328896 0.353994
0.336308 0.342407 0.321285
0.337405 0.343129 0.319465
0.337454 0.342934 0.319612
0.337294 0.343502 0.319204
0.340034 0.343583 0.316383
0.337958 0.343245 0.318797
0.336921 0.343248 0.319831
0.339367 0.343581 0.317052
0.336997 0.343537 0.319467
0.336592 0.343245 0.320162
0.336769 0.343294 0.319937
0.337137 0.342976 0.319888
0.337784 0.343626 0.318589
0.337138 0.343231 0.319631
0.337477 0.342985 0.319538
0.336706 0.343199 0.320095
0.337203 0.343440 0.319357
0.337434 0.343024 0.319542
0.337014 0.343490 0.319496
0.338087 0.343082 0.318831
0.337753 0.342569 0.319679
0.336171 0.342373 0.321456
0.337892 0.343109 0.318999
0.335873 0.342340 0.321787
0.335315 0.341699 0.322985
0.335796 0.342078 0.322126
0.336470 0.341326 0.322204
0.335579 0.341918 0.322503
0.336778 0.342012 0.321209
0.335528 0.341414 0.323058
0.335976 0.341654 0.322370
0.336768 0.341857 0.321375
0.335530 0.341894 0.322575
0.336509 0.342412 0.321079
0.337619 0.341940 0.320441
0.335554 0.342032 0.322414
0.337730 0.342143 0.320127
0.338051 0.342656 0.319293
0.336384 0.342212 0.321404
0.338340 0.343137 0.318523
0.339402 0.343664 0.316934
0.337326 0.343857 0.318818
0.339124 0.343990 0.316887
0.340287 0.344521 0.315192
0.337866 0.344887 0.317246
0.337651 0.344421 0.317928
0.339499 0.343978 0.316522
0.335578 0.344616 0.319806
0.335878 0.344152 0.319970
0.335871 0.344451 0.319679
0.336515 0.344156 0.319329
0.337529 0.344103 0.318368
0.337312 0.344391 0.318297
0.336537 0.343609 0.319854
0.337028 0.344288 0.318684
0.337434 0.343486 0.319080
0.335600 0.342394 0.322006
0.336591 0.343417 0.319992
0.335574 0.342755 0.321670
0.335850 0.342509 0.321641
0.337537 0.342411 0.320052
0.337787 0.342477 0.319736
0.315879 0.343575 0.340546
0.335828 0.343559 0.320613
0.338034 0.343419 0.318547
0.338784 0.343909 0.317307
0.339673 0.343592 0.316735
0.338459 0.343386 0.318155
0.339227 0.343735 0.317037
0.339209 0.343365 0.317425
0.337625 0.342469 0.319906
0.334385 0.342219 0.323396
0.328249 0.342528 0.329223
0.335433 0.341706 0.322861
0.335603 0.342696 0.321701
0.337573 0.343449 0.318978
0.338641 0.343608 0.317752
0.337305 0.343610 0.319085
0.336201 0.342412 0.321388
0.334699 0.342062 0.323239
0.335534 0.339339 0.325126
0.335033 0.339759 0.325209
0.335673 0.340448 0.323879
0.335443 0.340796 0.323761
0.336869 0.340993 0.322138
0.336680 0.341583 0.321737
0.335441 0.341025 0.323534
0.335968 0.341096 0.322936
0.335612 0.340278 0.324109
0.336693 0.341089 0.322218
0.335881 0.340193 0.323927
0.336259 0.339683 0.324059
0.336039 0.339733 0.324229
0.333544 0.338612 0.327844
0.333983 0.338425 0.327592
0.336351 0.339282 0.324367
0.335227 0.339096 0.325677
0.334730 0.339032 0.326237
0.334704 0.338841 0.326456
0.335995 0.338729 0.325276
0.335932 0.338799 0.325269
0.335439 0.338522 0.326039
0.335577 0.338785 0.325637
0.335282 0.338738 0.325979
